                demo: 0.538070   0.408333  
             w/o_NMS: 0.020095   0.002049  
          alpha=0.04: 0.544276   0.406625  
          alpha=0.05: 0.530618   0.397312  
          alpha=0.06: 0.528670   0.393102  
